0.0
9.971856727764017e-05
0.00019948548295356527
0.0002993007939336989
0.00039916454719224337
0.0004990767897721238
0.000599037568784766
0.0006990469314097636
0.0007991049248962101
0.0008992115965620329
0.000999366993793993
0.0010995711640481298
0.0011998241548500932
0.0013001260137945891
0.0014004767885466007
0.001500876526840278
0.0016013252764799368
0.0016013252764799368
0.0017018230853398375
0.0018023700013646282
0.0019029660725691233
0.0020036113470386363
0.00210430587292898
0.002205049698466577
0.0023058428719493484
0.002406685441745382
0.0025075774562945963
0.002608518964107631
0.002709510013767069
0.002810550653926769
0.0029116409333121984
0.0030127809007211015
0.003113970605022609
0.0032152100951585716
0.0032152100951585716
0.0033164994201428932
0.0034178386290616425
0.0035192277710738296
0.003620666895410851
0.0037221560513771568
0.0038236952883504705
0.003925284655780681
0.004026924203192062
0.004128613980181606
0.004230354036420247
0.004332144421652306
0.004433985185696265
0.004535876378444548
0.004637818049863407
0.004739810249993925
0.004841853028951348
0.004841853028951348
0.004943946436925417
0.005046090524180702
0.005148285341056824
0.005250530937968345
0.0053528273654048775
0.005455174673931529
0.00555757291418868
0.005660022136892762
0.0057625223928357006
0.005865073732885362
0.005967676207985884
0.006070329869157343
0.0061730347674965325
0.006275790954176519
0.006378598480447306
0.006481457397635393
0.006481457397635393
0.006584367757145104
0.006687329610457038
0.006790343009129507
0.006893408004798096
0.006996524649176328
0.007099692994055329
0.007202913091304053
0.007306184992869835
0.007409508750777949
0.007512884417132382
0.007616312044115392
0.007719791683988175
0.007823323389090864
0.007926907211842305
0.008030543204740948
0.00813423142036429
0.00813423142036429
0.008237971911369546
0.00834176473049364
0.00844560993055321
0.008549507564444725
0.008653457685145138
0.008757460345711787
0.008861515599282277
0.008965623499074704
0.009069784098388545
0.009173997450603655
0.009278263609181603
0.00938258262766467
0.009486954559676741
0.009591379458924076
0.009695857379193873
0.009800388374355484
0.009800388374355484
0.009904972498360531
0.010009609805243347
0.010114300349119754
0.010219044184189174
0.010323841364733077
0.010428691945116642
0.010533595979787869
0.010638553523277583
0.010743564630201097
0.010848629355256545
0.010953747753225995
0.011058919878976226
0.01116414578745728
0.011269425533704025
0.011374759172835924
0.011480146760056487
0.011480146760056487
0.011585588350655152
0.011691084000005514
0.011796633763566433
0.011902237696883033
0.012007895855584594
0.012113608295387657
0.012219375072093142
0.012325196241589675
0.012431071859850595
0.012537001982936724
0.01264298666699526
0.012749025968260108
0.012855119943052107
0.012961268647779245
0.013067472138937108
0.013173730473108658
0.013173730473108658
0.01328004370696445
0.013386411897263084
0.013492835100851086
0.013599313374663136
0.013705846775722952
0.013812435361142072
0.013919079188121297
0.014025778313950243
0.014132532796007902
0.014239342691762191
0.01434620805877096
0.01445312895468187
0.014560105437231963
0.014667137564248867
0.014774225393650253
0.014881368983444387
0.014881368983444387
0.014988568391730128
0.015095823676697151
0.015203134896626391
0.015310502109889601
0.015417925374950348
0.015525404750363792
0.015632940294776465
0.015740532066927382
0.015848180125647593
0.015955884529860298
0.016063645338581622
0.016171462610920284
0.016279336406077927
0.016387266783349452
0.016495253802123133
0.0166032975218805
0.0166032975218805
0.016711398002197342
0.01681955530274304
0.016927769483281008
0.017036040603669367
0.01714436872386038
0.017252753903901574
0.017361196203934837
0.017469695684197317
0.017578252405022088
0.017686866426836922
0.01779553781016563
0.017904266615628384
0.018013052903941063
0.0181218967359158
0.01823079817246165
0.018339757274584256
0.018339757274584256
0.01844877410338619
0.01855784872006727
0.01866698118592458
0.018776171562352784
0.01888541991084447
0.01899472629299004
0.019104090770478477
0.019213513405096694
0.01932299425873052
0.01943253339336448
0.019542130871082142
0.019651786754066647
0.019761501104600065
0.019871273985064497
0.01998110545794196
0.020090995585814286
0.020090995585814286
0.020200944431364
0.020310952057373877
0.02042101852672762
0.020531143902409732
0.020641328247505975
0.02075157162520358
0.020861874098791255
0.020972235731659628
0.021082656587301463
0.021193136729311446
0.02130367622138729
0.02141427512732874
0.021524933511039346
0.021635651436524905
0.021746428967895248
0.021857266169363454
0.021857266169363454
0.02196816310524663
0.02207911983996569
0.022190136438045793
0.022301212964117356
0.022412349482914262
0.02252354605927631
0.02263480275814822
0.022746119644579954
0.02285749678372684
0.022968934240851002
0.023080432081319935
0.023191990370607374
0.02330360917429386
0.02341528855806685
0.023527028587720378
0.023638829329156175
0.023638829329156175
0.023750690848383216
0.02386261321151828
0.023974596484785726
0.024086640734518716
0.024198746027158435
0.02431091242925476
0.024423140007466593
0.024535428828561745
0.02464777895941761
0.024760190467021048
0.024872663418468832
0.024985197880967647
0.025097793921834977
0.02521045160849822
0.025323171008496126
0.02543595218947814
0.02543595218947814
0.02554879521920539
0.025661700165550028
0.02577466709649623
0.025887696080140632
0.026000787184691232
0.02611394047846971
0.026227156029909326
0.026340433907557026
0.02645377418007311
0.026567176916231117
0.02668064218491839
0.026794170055136513
0.026907760596000974
0.027021413876742062
0.027135129966704752
0.027248908935349148
0.027248908935349148
0.027362750852250484
0.02747665578709968
0.02759062380970312
0.027704654989983868
0.02781874939798079
0.027932907103849436
0.028047128177862368
0.028161412690408838
0.02827576071199589
0.02839017231324792
0.028504647564907337
0.02861918653783435
0.028733789303008073
0.028848455931526185
0.02896318649460472
0.029077981063579617
0.029077981063579617
0.029192839709905605
0.029307762505157986
0.02942274952103119
0.029537800829340544
0.02965291650202151
0.029768096611130446
0.02988334122884495
0.029998650427463858
0.030114024279407348
0.030229462857217948
0.03034496623356009
0.030460534481220658
0.030576167673109
0.03069186588225825
0.03080762918182378
0.030923457645085195
0.030923457645085195
0.031039351345445665
0.031155310356432486
0.03127133475169741
0.031387424605016756
0.03150357999029174
0.03161980098154871
0.031736087652940115
0.03185244007874344
0.031968858333362715
0.03208534249132777
0.032201892627296
0.03231850881605103
0.032435191132503594
0.03255193965169256
0.03266875444878414
0.03278563559907277
0.03278563559907277
0.032902583177981226
0.03301959726106085
0.03313667792399233
0.033253825242585244
0.03337103929277874
0.03348832015064207
0.03360566789237429
0.0337230825943049
0.03384056433289484
0.03395811318473507
0.03407572922654878
0.03419341253519015
0.03431116318764538
0.03442898126103333
0.03454686683260533
0.03466481997974491
0.03466481997974491
0.034782840779969515
0.034900929310929585
0.035019085650409454
0.035137309876328016
0.03525560206673761
0.03537396229982592
0.035492390653915296
0.03561088720746397
0.03572945203906508
0.03584808522744787
0.03596678685147836
0.036085556990158696
0.03620439572262746
0.036323303128161455
0.036442279286174384
0.03656132427621761
0.03656132427621761
0.03668043817798117
0.03679962107129309
0.036918873036120625
0.0370381941525697
0.03715758450088624
0.03727704416145494
0.03739657321480194
0.03751617174159272
0.03763583982263352
0.03775557753887271
0.03787538497139886
0.03799526220144278
0.03811520931037726
0.038235226379717546
0.038355313491121534
0.03847547072639035
0.03847547072639035
0.038595698167467996
0.03871599589644259
0.03883636399554646
0.038956802547156166
0.0390773116337928
0.03919789133812257
0.03931854174295735
0.03943926293125444
0.03956005498611781
0.03968091799079698
0.039801852028689244
0.03992285718333799
0.04004393353843505
0.04016508117781947
0.04028630018547863
0.04040759064554844
0.04040759064554844
0.0405289526423136
0.04065038626020823
0.040771891583816
0.04089346869787003
0.04101511768725441
0.04113683863700346
0.04125863163230259
0.04138049675848854
0.04150243410104992
0.041624443745627016
0.041746525778012966
0.04186868028415325
0.04199090735014732
0.04211320706224708
0.04223557950685908
0.04235802477054407
0.04235802477054407
0.0424805429400168
0.04260313410214778
0.04272579834396251
0.042848535752642025
0.042971346415524136
0.043094230420102186
0.04321718785402706
0.043340218805106634
0.04346332336130643
0.04358650161074984
0.04370975364171881
0.04383307954265392
0.043956479402154636
0.04407995330898018
0.04420350135204976
0.044327123620442443
0.044327123620442443
0.0444508202033983
0.04457459119031837
0.04469843667076501
0.04482235673446233
0.044946351471297
0.04507042097131786
0.04519456532473687
0.04531878462192962
0.04544307895343502
0.04556744840995641
0.045691893082361656
0.045816413061683936
0.04594100843912119
0.04606567930603722
0.046190425753962705
0.046315247874593735
0.046315247874593735
0.04644014575979438
0.0465651195015957
0.046690169192196374
0.04681529492396341
0.046940496789432795
0.04706577488130903
0.04719112929246616
0.04731656011594798
0.04744206744496904
0.047567651372913855
0.047693311993338705
0.047819049399970615
0.04794486368670936
0.04807075494762636
0.04819672327696645
0.048322768769146984
0.048322768769146984
0.048448891518759196
0.04857509162056883
0.04870136916951551
0.04882772426071358
0.04895415698945371
0.0490806674512011
0.04920725574159812
0.049333921956463134
0.04946066619179179
0.049587488543757496
0.04971438910871118
0.04984136798318206
0.04996842526387901
0.050095561047688864
0.0502227754316793
0.05035006851309776
0.05035006851309776
0.050477440389371964
0.05060489115811073
0.05073242091710495
0.0508600297643268
0.05098771779793121
0.051115485116255854
0.05124333181782148
0.05137125800133291
0.051499263765678926
0.051627349209933504
0.0517555144333548
0.051883759535387264
0.052012084615661425
0.05214048977399388
0.05226897511038864
0.052397540725036884
0.052397540725036884
0.05252618671831799
0.05265491319079929
0.0527837202432373
0.05291260797657782
0.05304157649195651
0.053170625890698986
0.05329975627432215
0.05342896774453376
0.053558260403233304
0.05368763435251289
0.053817089694656706
0.05394662653214233
0.05407624496764141
0.05420594510401899
0.054335727044335536
0.054465590891846216
0.054465590891846216
0.054595536750001616
0.054725564722448716
0.05485567491303134
0.054985867425790036
0.05511614236496287
0.05524649983498675
0.055376939940496306
0.05550746278632557
0.05563806847750852
0.05576875711927887
0.055899528817071165
0.056030383676521245
0.05616132180346611
0.05629234330394528
0.056423448284201205
0.056554636850679074
0.056554636850679074
0.05668590911002802
0.05681726516910124
0.05694870513495698
0.05708022911485877
0.05721183721627554
0.05734352954688304
0.05747530621456354
0.057607167327406894
0.05773911299371104
0.057871143321981955
0.0580032584209349
0.05813545839949463
0.0582677433667963
0.058400113432184875
0.05853256870521706
0.05866510929566149
0.05866510929566149
0.05879773531349852
0.05893044686892146
0.059063244072337096
0.05919612703436594
0.05932909586584301
0.05946215067781868
0.059595291581558185
0.059728518688543564
0.05986183211047291
0.05999523195926215
0.060128718347044696
0.06026229138617234
0.060395951189216035
0.06052969786896567
0.06066353153843207
0.06079745231084588
0.06079745231084588
0.060931460299659346
0.06106555561854676
0.06119973838140458
0.06133400870235184
0.06146836669573186
0.061602812476111435
0.0617373461582823
0.06187196785726179
0.06200667768829271
0.06214147576684448
0.062276362208613656
0.06241133712952451
0.06254640064572958
0.06268155287360999
0.06281679392977679
0.06295212393107086
0.06295212393107086
0.06308754299456354
0.063223051237558
0.0633586487775889
0.06349433573242358
0.06363011222006221
0.0637659783587392
0.06390193426692303
0.06403798006331729
0.06417411586686084
0.06431034179672923
0.06444665797233429
0.06458306451332596
0.06471956153959202
0.06485614917125881
0.06499282752869218
0.06512959673249819
0.06512959673249819
0.06526645690352328
0.06540340816285517
0.06554045063182379
0.06567758443200156
0.0658148096852037
0.0659521265134898
0.06608953503916404
0.06622703538477537
0.06636462767311868
0.06650231202723578
0.06664008857041503
0.06677795742619264
0.06691591871835412
0.06705397257093315
0.06719211910821377
0.06733035845473023
0.06733035845473023
0.0674686907352684
0.06760711607486514
0.06774563459881067
0.06788424643264812
0.0680229517021742
0.06816175053344065
0.0683006430527544
0.06843962938667769
0.0685787096620305
0.06871788400588896
0.06885715254558822
0.06899651540872143
0.06913597272314143
0.06927552461696129
0.069415171218555
0.06955491265655767
0.06955491265655767
0.06969474905986695
0.06983468055764364
0.06997470727931165
0.07011482935455993
0.07025504691334217
0.07039536008587788
0.07053576900265357
0.07067627379442243
0.07081687459220631
0.0709575715272951
0.07109836473124886
0.07123925433589762
0.07138024047334224
0.0715213232759555
0.07166250287638254
0.07180377940754212
0.07180377940754212
0.07194515300262605
0.07208662379510178
0.07222819191871166
0.07236985750747449
0.07251162069568651
0.07265348161792062
0.07279544040902908
0.07293749720414344
0.07307965213867518
0.07322190534831619
0.07336425696904059
0.0735067071371045
0.0736492559890477
0.0737919036616933
0.07393465029214952
0.07407749601781033
0.07407749601781033
0.0742204409763555
0.0743634853057521
0.07450662914425565
0.07464987263040956
0.07479321590304766
0.07493665910129332
0.0750802023645617
0.07522384583255948
0.07536758964528611
0.07551143394303528
0.07565537886639451
0.07579942455624644
0.07594357115377048
0.07608781880044224
0.07623216763803531
0.07637661780862215
0.07637661780862215
0.07652116945457399
0.07666582271856326
0.07681057774356281
0.07695543467284716
0.07710039364999444
0.0772454548188859
0.07739061832370742
0.07753588430895042
0.07768125291941208
0.07782672430019733
0.07797229859671873
0.0781179759546976
0.07826375652016493
0.07840964043946264
0.07855562785924386
0.07870171892647415
0.07870171892647415
0.07884791378843259
0.07899421259271167
0.07914061548721951
0.07928712262018012
0.07943373414013444
0.07958045019594051
0.07972727093677567
0.07987419651213656
0.08002122707184034
0.08016836276602568
0.08031560374515312
0.08046295016000671
0.08061040216169468
0.08075795990165058
0.08090562353163344
0.0810533932037294
0.0810533932037294
0.08120126907035286
0.08134925128424653
0.08149733999848319
0.08164553536646646
0.08179383754193137
0.08194224667894578
0.08209076293191098
0.08223938645556295
0.08238811740497332
0.08253695593554988
0.08268590220303818
0.08283495636352212
0.08298411857342525
0.08313338898951095
0.08328276776888466
0.0834322550689941
0.0834322550689941
0.08358185104762994
0.08373155586292769
0.08388136967336834
0.08403129263777864
0.08418132491533359
0.08433146666555613
0.08448171804831861
0.08463207922384408
0.08478255035270699
0.08493313159583438
0.08508382311450657
0.08523462507035873
0.0853855376253817
0.08553656094192297
0.08568769518268748
0.08583894051073948
0.08583894051073948
0.08599029708950245
0.08614176508276117
0.08629334465466221
0.08644503596971498
0.0865968391927937
0.08674875448913699
0.08690078202434981
0.08705292196440495
0.08720517447564313
0.08735753972477478
0.08751001787888091
0.08766260910541435
0.0878153135722003
0.08796813144743865
0.08812106289970345
0.08827410809794545
0.08827410809794545
0.08842726721149263
0.08858054041005103
0.08873392786370649
0.08888742974292563
0.08904104621855624
0.0891947774618298
0.08934862364436147
0.08950258493815133
0.0896566615155866
0.08981085354944118
0.08996516121287845
0.09011958467945114
0.0902741241231031
0.09042877971817043
0.0905835516393827
0.09073844006186382
0.09073844006186382
0.09089344516113385
0.09104856711310949
0.09120380609410561
0.0913591622808364
0.09151463585041697
0.09167022698036364
0.09182593584859633
0.09198176263343882
0.09213770751362005
0.09229377066827638
0.09244995227695119
0.09260625251959786
0.09276267157657936
0.09291920962867084
0.09307586685706026
0.09323264344334947
0.09323264344334947
0.09338953956955598
0.09354655541811374
0.09370369117187494
0.09386094701411085
0.09401832312851288
0.0941758196991952
0.09433343691069385
0.09449117494797032
0.09464903399641111
0.0948070142418298
0.09496511587046885
0.09512333906899961
0.09528168402452453
0.09544015092457869
0.09559873995713064
0.09575745131058355
0.09575745131058355
0.09591628517377737
0.09607524173598936
0.09623432118693587
0.09639352371677334
0.09655284951610055
0.09671229877595855
0.09687187168783351
0.09703156844365723
0.09719138923580872
0.09735133425711529
0.09751140370085487
0.09767159776075629
0.09783191663100133
0.09799236050622606
0.09815292958152211
0.09831362405243849
0.09831362405243849
0.09847444411498218
0.09863538996562038
0.09879646180128199
0.098957659819358
0.09911898421770393
0.09928043519464169
0.09944201294895938
0.09960371767991438
0.09976554958723405
0.09992750887111723
0.10008959573223586
0.10025181037173703
0.10041415299124312
0.10057662379285448
0.10073922297915061
0.10090195075319142
0.10090195075319142
0.1010648073185193
0.10122779287915973
0.101390907639624
0.1015541518049099
0.1017175255805034
0.10188102917238029
0.10204466278700819
0.10220842663134677
0.10237232091285131
0.10253634583947258
0.10270050161965905
0.10286478846235847
0.10302920657701986
0.10319375617359405
0.1033584374625367
0.10352325065480839
0.10352325065480839
0.10368819596187773
0.10385327359572172
0.10401848376882827
0.10418382669419768
0.10434930258534358
0.10451491165629556
0.10468065412159999
0.10484653019632284
0.10501254009604988
0.10517868403688935
0.1053449622354733
0.10551137490895968
0.10567792227503336
0.10584460455190836
0.10601142195832935
0.10617837471357383
0.10617837471357383
0.10634546303745296
0.10651268715031392
0.10668004727304181
0.10684754362706084
0.10701517643433645
0.10718294591737731
0.10735085229923613
0.10751889580351293
0.10768707665435506
0.10785539507646069
0.10802385129507952
0.10819244553601515
0.10836117802562617
0.10853004899082908
0.1086990586590989
0.10886820725847224
0.10886820725847224
0.10903749501754822
0.10920692216549033
0.10937648893202934
0.10954619554746359
0.10971604224266263
0.10988602924906721
0.11005615679869274
0.11022642512413061
0.11039683445854975
0.11056738503569885
0.1107380770899089
0.11090891085609356
0.1110798865697532
0.11125100446697489
0.1114222647844354
0.11159366775940294
0.11159366775940294
0.11176521362973912
0.11193690263390144
0.11210873501094365
0.11228071100052017
0.11245283084288593
0.1126250947788997
0.11279750305002534
0.11297005589833464
0.11314275356650827
0.11331559629783905
0.11348858433623299
0.11366171792621205
0.11383499731291569
0.11400842274210321
0.11418199446015598
0.11435571271407918
0.11435571271407918
0.11452957775150463
0.11470358982069151
0.11487774917052995
0.1150520560505428
0.11522651071088719
0.11540111340235681
0.11557586437638456
0.11575076388504513
0.11592581218105535
0.11610100951777824
0.11627635614922471
0.11645185233005506
0.11662749831558206
0.11680329436177284
0.1169792407252509
0.11715533766329911
0.11715533766329911
0.11733158543386057
0.11750798429554277
0.11768453450761818
0.11786123633002743
0.1180380900233815
0.11821509584896339
0.11839225406873188
0.11856956494532211
0.11874702874204901
0.1189246457229094
0.11910241615258466
0.11928034029644208
0.11945841842053828
0.11963665079162156
0.11981503767713353
0.11999357934521171
0.11999357934521171
0.12017227606469305
0.12035112810511484
0.12053013573671789
0.12070929923044904
0.12088861885796376
0.12106809489162773
0.1212477276045203
0.12142751727043688
0.12160746416389046
0.12178756856011563
0.12196783073507
0.12214825096543669
0.122328829528628
0.1225095667027869
0.12269046276678941
0.12287151800024854
0.12287151800024854
0.12305273268351558
0.12323410709768323
0.12341564152458817
0.12359733624681357
0.1237791915476919
0.1239612077113077
0.12414338502249966
0.12432572376686413
0.12450822423075691
0.12469088670129669
0.1248737114663675
0.1250566988146209
0.12523984903548013
0.1254231624191412
0.12560663925657678
0.12579027983953794
0.12579027983953794
0.12597408446055858
0.1261580534129566
0.1263421869908372
0.12652648548909629
0.1267109492034224
0.12689557843030053
0.12708037346701395
0.12726533461164802
0.1274504621630922
0.12763575642104386
0.1278212176860103
0.12800684625931247
0.12819264244308737
0.1283786065402911
0.128564738854702
0.1287510396909236
0.1287510396909236
0.1289375093543873
0.12912414815135587
0.12931095638892587
0.12949793437503132
0.12968508241844634
0.1298724008287886
0.13005988991652107
0.13024754999295762
0.13043538137026356
0.13062338436146026
0.13081155928042765
0.13099990644190795
0.13118842616150805
0.13137711875570346
0.13156598454184065
0.13175502383814086
0.13175502383814086
0.13194423696370383
0.13213362423850938
0.13232318598342252
0.1325129225201952
0.13270283417147066
0.1328929212607859
0.13308318411257591
0.13327362305217627
0.13346423840582633
0.1336550305006735
0.13384599966477562
0.13403714622710494
0.13422847051755105
0.1344199728669253
0.13461165360696292
0.134803513070327
0.134803513070327
0.1349955515906125
0.1351877695023488
0.1353801671410042
0.13557274484298798
0.13576550294565604
0.13595844178731198
0.1361515617072131
0.13634486304557192
0.13653834614356086
0.13673201134331625
0.1369258589879404
0.137119889421507
0.13731410298906355
0.1375085000366355
0.1377030809112303
0.13789784596084032
0.13789784596084032
0.1380927955344472
0.13828792998202544
0.13848324965454628
0.13867875490398085
0.13887444608330501
0.13907032354650262
0.1392663876485689
0.13946263874551512
0.13965907719437265
0.1398557033531953
0.1400525175810653
0.14024952023809534
0.14044671168543432
0.14064409228526964
0.1408416624008324
0.141039422396401
0.141039422396401
0.14123737263730496
0.1414355134899289
0.14163384532171774
0.14183236850117886
0.14203108339788806
0.14222999038249262
0.14242908982671554
0.14262838210336004
0.1428278675863136
0.14302754665055228
0.14322741967214458
0.14342748702825625
0.14362774909715403
0.14382820625821013
0.14402885889190664
0.14422970737983998
0.14422970737983998
0.14443075210472467
0.14463199345039868
0.14483343180182662
0.14503506754510542
0.14523690106746767
0.1454389327572867
0.14564116300408114
0.1458435921985186
0.14604622073242168
0.1462490489987709
0.1464520773917103
0.1466553063065521
0.1468587361397803
0.1470623672890563
0.14726620015322345
0.1474702351323114
0.1474702351323114
0.14767447262754074
0.14787891304132839
0.14808355677729157
0.1482884042402528
0.1484934558362454
0.14869871197251727
0.14890417305753634
0.14910983950099543
0.14931571171381708
0.14952179010815814
0.14972807509741526
0.14993456709622988
0.15014126652049242
0.15034817378734822
0.15055528931520235
0.15076261352372433
0.15076261352372433
0.15097014683385368
0.15117788966780477
0.15138584244907183
0.15159400560243474
0.1518023795539637
0.1520109647310245
0.15221976156228412
0.15242877047771541
0.15263799190860317
0.152847426287549
0.15305707404847668
0.15326693562663762
0.15347701145861659
0.15368730198233627
0.15389780763706407
0.15410852886341653
0.15410852886341653
0.15431946610336555
0.15453061980024307
0.15474199039874748
0.1549535783449496
0.15516538408629676
0.15537740807162015
0.15558965075113929
0.1558021125764687
0.156014794000623
0.15622769547802318
0.1564408174645021
0.15665416041731028
0.15686772479512212
0.1570815110580419
0.1572955196676089
0.15750975108680443
0.15750975108680443
0.1577242057800572
0.15793888421324964
0.15815378685372383
0.15836891417028742
0.15858426663322034
0.15879984471428032
0.1590156488867095
0.15923167962524054
0.15944793740610308
0.1596644227070294
0.15988113600726162
0.16009807778755736
0.16031524853019696
0.16053264871898842
0.16075027883927584
0.1609681393779443
0.1609681393779443
0.1611862308234273
0.16140455366571282
0.16162310839635008
0.16184189550845673
0.16206091549672452
0.16228016885742647
0.16249965608842443
0.16271937768917433
0.16293933416073392
0.16315952600576977
0.16337995372856362
0.16360061783501956
0.1638215188326715
0.16404265723068878
0.16426403353988495
0.1644856482727235
0.1644856482727235
0.1647075019433255
0.1649295950674774
0.16515192816263635
0.16537450174793977
0.16559731634421104
0.16582037247396741
0.1660436706614269
0.16626721143251622
0.1664909953148781
0.16671502283787876
0.1669392945326148
0.16716381093192179
0.1673885725703811
0.1676135799843277
0.16783883371185826
0.16806433429283818
0.16806433429283818
0.16829008226890985
0.16851607818350067
0.16874232258182975
0.16896881601091707
0.16919555901959116
0.16942255215849655
0.1696497959801021
0.16987729103870908
0.17010503789045972
0.1703330370933439
0.17056128920720948
0.17078979479376888
0.17101855441660785
0.1712475686411944
0.17147683803488611
0.17170636316693944
0.17170636316693944
0.17193614460851803
0.17216618293270058
0.1723964787144905
0.1726270325308239
0.172857844960578
0.1730889165845807
0.1733202479856183
0.17355183974844524
0.17378369245979253
0.1740158067083768
0.17424818308490875
0.17448082218210348
0.1747137245946878
0.17494689091941107
0.1751803217550526
0.1754140177024328
0.1754140177024328
0.1756479793644209
0.17588220734594529
0.1761167022540021
0.17635146469766494
0.1765864952880951
0.17682179463854997
0.17705736336439348
0.17729320208310484
0.17752931141428951
0.17776569197968806
0.17800234440318585
0.178239269310824
0.1784764673308079
0.17871393909351863
0.1789516852315215
0.17918970637957765
0.17918970637957765
0.17942800317465324
0.17966657625592986
0.1799054262648151
0.18014455384495265
0.18038395964223275
0.1806236443048027
0.1808636084830776
0.18110385282975028
0.18134437799980263
0.1815851846505162
0.1818262734414826
0.18206764503461448
0.18230930009415702
0.18255123928669803
0.1827934632811795
0.18303597274890837
0.18303597274890837
0.18327876836356827
0.18352185080123007
0.1837652207403635
0.18400887886184858
0.18425282584898695
0.1844970623875133
0.18474158916560712
0.184986406873904
0.18523151620550782
0.18547691785600218
0.18572261252346212
0.18596860090846656
0.18621488371410988
0.18646146164601396
0.18670833541234022
0.18695550572380237
0.18695550572380237
0.1872029732936784
0.18745073883782237
0.1876988030746779
0.18794716672528955
0.18819583051331645
0.18844479516504398
0.18869406140939737
0.18894362997795378
0.18919350160495563
0.18944367702732345
0.18969415698466907
0.18994494221930802
0.1901960334762739
0.19044743150333066
0.1906991370509864
0.19095115087250691
0.19095115087250691
0.19120347372392876
0.19145610636407362
0.19170904955456114
0.19196230405982306
0.19221587064711754
0.1924697500865422
0.1927239431510489
0.1929784506164577
0.19323327326147077
0.19348841186768684
0.1937438672196159
0.19399964010469295
0.19425573131329343
0.1945121416387473
0.19476887187735392
0.19502592282839704
0.19502592282839704
0.19528329529415922
0.19554099007993786
0.19579900799405903
0.1960573498478938
0.19631601645587282
0.19657500863550237
0.19683432720737903
0.19709397299520615
0.19735394682580876
0.19761424952915008
0.19787488193834668
0.1981358448896856
0.1983971392226389
0.19865876577988117
0.19892072540730543
0.19918301895403911
0.19918301895403911
0.1994456472724614
0.1997086112182188
0.19997191165024297
0.20023554943076693
0.20049952542534188
0.20076384050285467
0.2010284955355448
0.20129349139902153
0.2015588289722815
0.20182450913772598
0.2020905327811786
0.2023569007919036
0.2026236140626223
0.20289067348953238
0.2031580799723257
0.2034258344142058
0.2034258344142058
0.20369393772190691
0.203962390805712
0.20423119457947136
0.20450034996062183
0.2047698578702044
0.20503971923288455
0.20530993497697003
0.2055805060344309
0.20585143334091804
0.2061227178357835
0.20639436046209936
0.20666636216667733
0.20693872390008916
0.207211446616686
0.20748453127461874
0.20775797883585823
0.20775797883585823
0.2080317902662152
0.2083059665353615
0.20858050861684996
0.2088554174881354
0.2091306941305957
0.20940633952955268
0.2096823546742932
0.20995874055809038
0.21023549817822507
0.21051262853600805
0.2107901326368007
0.21106801149003784
0.211346266109249
0.21162489751208136
0.21190390672032144
0.2121832947599177
0.2121832947599177
0.21246306266100357
0.21274321145791997
0.21302374218923803
0.21330465589778258
0.21358595363065513
0.21386763643925755
0.21414970537931544
0.21443216151090205
0.2147150058984617
0.21499823961083464
0.21528186372128055
0.21556587930750348
0.21585028745167611
0.21613508924046465
0.21642028576505334
0.21670587812117037
0.21670587812117037
0.21699186740911214
0.21727825473376972
0.21756504120465336
0.2178522279359194
0.21813981604639543
0.2184278066596066
0.21871620090380217
0.21900499991198208
0.2192942048219234
0.2195838167762072
0.21987383692224582
0.22016426641231035
0.22045510640355737
0.22074635805805753
0.22103802254282268
0.2213301010298343
0.2213301010298343
0.2216225946960717
0.22191550472354027
0.22220883229930044
0.2225025786154966
0.2227967448693856
0.22309133226336664
0.22338634200501062
0.22368177530708944
0.22397763338760657
0.2242739174698265
0.22457062878230571
0.224867768558923
0.22516533803890992
0.22546333846688216
0.225761771092871
0.22606063717235403
0.22606063717235403
0.22635993796628784
0.22665967474113868
0.22695984876891617
0.22726046132720423
0.2275615136991943
0.22786300717371877
0.228164943045283
0.22846732261409952
0.2287701471861212
0.22907341807307513
0.22937713659249692
0.229681304067765
0.22998592182813482
0.23029099120877428
0.23059651355079858
0.23090249020130538
0.23090249020130538
0.23120892251341107
0.23151581184628556
0.23182315956518984
0.23213096704151137
0.23243923565280122
0.23274796678281118
0.23305716182153036
0.23336682216522386
0.23367694921646942
0.23398754438419633
0.23429860908372369
0.23461014473679875
0.2349221527716363
0.2352346346229578
0.23554759173203088
0.2358610255467095
0.2358610255467095
0.23617493752147378
0.23648932911747078
0.23680420180255513
0.23711955705133037
0.23743539634518984
0.23775172117235954
0.23806853302793873
0.2383858334139437
0.2387036238393494
0.23902190582013338
0.23934068087931848
0.23965995054701728
0.23997971636047544
0.24029997986411622
0.240620742609586
0.24094200615579842
0.24094200615579842
0.24126377206898053
0.24158604192271793
0.24190881729800162
0.24223209978327442
0.24255589097447716
0.24288019247509707
0.24320500589621452
0.24353033285655146
0.24385617498251977
0.24418253390826994
0.24450941127574033
0.24483680873470692
0.24516472794283262
0.2454931705657185
0.2458221382769541
0.24615163275816843
0.24615163275816843
0.24648165569908165
0.24681220879755772
0.2471432937596555
0.24747491229968288
0.24780706614024928
0.24813975701231972
0.2484729866552684
0.24880675681693387
0.24914106925367407
0.249475925730421
0.24981132802073736
0.25014727790687286
0.25048377717982073
0.2508208276393752
0.2511584310941891
0.2514965893618323
0.2514965893618323
0.25183530426885037
0.25217457765082374
0.25251441135242725
0.25285480722749065
0.2531957671390589
0.2535372929594537
0.25387938657033493
0.254222049862763
0.25456528473726137
0.2549090931038802
0.25525347688225974
0.2555984380016947
0.2559439784011991
0.2562901000295721
0.25663680484546325
0.25698409481743933
0.25698409481743933
0.25733197192405155
0.25768043815390285
0.25802949550571674
0.25837914598840506
0.2587293916211383
0.2590802344334151
0.2594316764651329
0.25978371976665904
0.2601363663989028
0.26048961843338747
0.26084347795232343
0.26119794704868204
0.26155302782626944
0.2619087223998021
0.2622650328949816
0.26262196144857175
0.26262196144857175
0.26297951020847476
0.2633376813338091
0.26369647699498777
0.2640558993737968
0.2644159506634757
0.26477663306879673
0.26513794880614683
0.2654999001036086
0.2658624892010433
0.2662257183501736
0.26658958981466774
0.26695410587022417
0.26731926880465673
0.26768508091798104
0.26805154452250124
0.2684186619428981
0.2684186619428981
0.26878643551631654
0.2691548675924562
0.26952396053366057
0.26989371671500795
0.2702641385244038
0.2706352283626724
0.27100698864365114
0.27137942179428354
0.2717525302547159
0.27212631647839136
0.2725007829321485
0.27287593209631766
0.2732517664648202
0.273628288545268
0.2740055008590634
0.2743834059415009
0.2743834059415009
0.27476200634186954
0.27514130462355524
0.27552130336414593
0.2759020051555363
0.27628341260403355
0.27666552833046487
0.27704835497028535
0.27743189517368705
0.2778161516057088
0.278201126946348
0.27858682389067213
0.27897324514893185
0.2793603934466762
0.27974827152486703
0.28013688213999544
0.28052622806420024
0.28052622806420024
0.28091631208538537
0.2813071370073409
0.28169870564986255
0.2820910208488753
0.28248408545655534
0.2828779023414554
0.28327247438862957
0.2836678044997609
0.28406389559328893
0.2844607506045389
0.28485837248585255
0.28525676420671997
0.2856559287539123
0.2860558691316163
0.28645658836157006
0.2868580894831999
0.2868580894831999
0.2872603755537586
0.28766344964846546
0.28806731486064674
0.28847197430187865
0.28887743110213093
0.28928368840991214
0.28969074939241635
0.29009861723567143
0.2905072951446883
0.29091678634361284
0.2913270940758773
0.2917382216043555
0.29215017221151807
0.2925629491995898
0.29297655589070826
0.29339099562708437
0.29339099562708437
0.2938062717711647
0.2942223877057948
0.29463934683438464
0.29505715258107545
0.29547580839090914
0.29589531772999766
0.2963156840856963
0.29673691096677657
0.297159001903603
0.29758196044830965
0.2980057901749801
0.29843049467982874
0.2988560775813832
0.2992825425206703
0.29970989316140184
0.30013813319016436
0.30013813319016436
0.3005672663166098
0.30099729627364746
0.30142822681764037
0.3018600617286006
0.30229280481038934
0.3027264598909174
0.30316103082234847
0.30359652148130434
0.30403293576907275
0.3044702776118168
0.3049085509607866
0.30534775979253437
0.3057879081091298
0.3062289999383796
0.3066710393340488
0.3071140303760834
0.3071140303760834
0.3075579771708373
0.3080028838512999
0.30844875457732734
0.30889559353587626
0.3093434049412388
0.3097921930352818
0.31024196208768773
0.3106927163961982
0.3111444602868606
0.3115971981142771
0.3120509342618566
0.3125056731420691
0.31296141919670395
0.3134181768971288
0.31387595074455443
0.3143347452702996
0.3143347452702996
0.3147945650360606
0.31525541463418394
0.31571729868794063
0.3161802218518053
0.3166441888117367
0.3171092042854635
0.317575273022771
0.31804239980579285
0.3185105894493053
0.318979846801025
0.3194501767419101
0.3199215841864649
0.320394074083048
0.32086765141418405
0.32134232119687867
0.3218180884829377
0.3218180884829377
0.3222949583592898
0.3227729359483127
0.32325202640816275
0.3237322349331103
0.32421356675387625
0.3246960271379745
0.32517962139005807
0.3256643548522684
0.3261502329045901
0.3266372609652086
0.32712544449087333
0.32761478897726404
0.3281052999593622
0.3285969830118266
0.3290898437493739
0.3295838878271624
0.3295838878271624
0.3300791209411824
0.3305755488286496
0.331073177268404
0.3315720120813138
0.3320720591306835
0.33257332432266806
0.3330758136066907
0.33357953297586695
0.33408448846743366
0.3345906861631831
0.33509813218990214
0.3356068327198177
0.3361167939710469
0.3366280222080529
0.33714052374210735
0.3376543049317571
0.3376543049317571
0.3381693721832979
0.33868573195125384
0.3392033907388624
0.3397223550985662
0.3402426316325101
0.34076422699304554
0.3412871478832412
0.34181140105739904
0.34233699332157874
0.34286393153412686
0.3433922226062147
0.34392187350238157
0.344452891241086
0.34498528289526365
0.3455190555928924
0.34605421651756585
0.34605421651756585
0.3465907729090719
0.34712873206398176
0.3476681013362446
0.34820888813779083
0.34875109993914355
0.34929474427003737
0.34983982872004604
0.35038636093921816
0.3509343486387215
0.35148379959149545
0.3520347216329127
0.3525871226614503
0.3531410106393681
0.3536963935933978
0.3542532796154414
0.35481167686327775
0.35481167686327775
0.35537159356128
0.3559330380011425
0.3564960185426176
0.3570605436142621
0.35762662171419457
0.3581942614108635
0.3587634713438246
0.3593342602245304
0.35990663683712976
0.36048061003927945
0.3610561887629665
0.3616333820153421
0.36221219887956724
0.3627926485156704
0.3633747401614176
0.36395848313319423
0.36395848313319423
0.3645438868269002
0.36513096071885665
0.3657197143667267
0.3663101574104495
0.36690229957318643
0.367496150662283
0.3680917205702422
0.36868901927571407
0.3692880568444987
0.36988884343056416
0.3704913892770788
0.37109570471745956
0.37170180017643506
0.3723096861711249
0.3729193733121343
0.3735308723046654
0.3735308723046654
0.3741441939496456
0.3747593491448714
0.3753763488861711
0.3759952042685839
0.3766159264875564
0.3772385268401588
0.37786301672631784
0.37848940765006955
0.3791177112208308
0.3797479391546903
0.3803801032757196
0.38101421551730363
0.3816502879234933
0.3822883326503773
0.38292836196747626
0.38357038825915846
0.38357038825915846
0.38421442402607797
0.38486048188663435
0.3855085745784571
0.3861587149599115
0.38681091601163
0.38746519083806685
0.38812155266907855
0.38878001486152847
0.38944059090091776
0.3901032944030429
0.39076813911567965
0.3914351389202939
0.3921043078337809
0.3927756600102329
0.39344920974273523
0.3941249714651923
0.3941249714651923
0.39480295975418367
0.3954831893308506
0.39616567506281364
0.396850431966123
0.39753747520724025
0.3982268201050547
0.39891848213293213
0.3996124769207994
0.4003088202572629
0.4010075280917651
0.40170861653677514
0.4024121018700191
0.4031180005367475
0.4038263291520421
0.40453710450316216
0.4052503435519318
0.4052503435519318
0.4059660634371691
0.40668428147715685
0.40740501517215677
0.4081282822069686
0.40885410045353354
0.4095824879735842
0.410313463021341
0.411047044046258
0.41178324969581626
0.412522098818368
0.41326361046603244
0.4140078038976436
0.4147546985817514
0.4155043141996777
0.4162566706486279
0.41701178804486094
0.41701178804486094
0.4177696867269153
0.41853038725889635
0.4192939104338249
0.4200602772770471
0.42082950904970795
0.4216016272522919
0.4223766536282271
0.4231546101675603
0.42393551911070093
0.4247194029522353
0.4255062844448154
0.42629618660312096
0.42708913270789894
0.42788514631008
0.42868425123497633
0.42948647158655995
0.42948647158655995
0.4302918317518255
0.4311003564052387
0.4319120705132721
0.43272699933903136
0.4335451684469729
0.4343666037077155
0.43519133130294985
0.4360193777304444
0.4368507698091548
0.4376855346844355
0.4385236998333577
0.4393652930701366
0.4402103425516697
0.44105887678318867
0.44191092462403025
0.4427665152935244
0.4427665152935244
0.4436256783770075
0.4444884438319606
0.44535484199427744
0.4462249035846644
0.4470986597151767
0.4479761418958943
0.44885738204173964
0.44974241247944347
0.45063126595465997
0.4515239756392363
0.45242057513864187
0.45332109849955826
0.45422558021763715
0.45513405524542916
0.45604655900048885
0.4569631273736596
0.4569631273736596
0.45788379673754387
0.4588086039551652
0.45973758638882345
0.4606707819091529
0.461608228904385
0.4625499662898249
0.4634960335175441
0.46444647058629773
0.4654013180516726
0.46636061703647036
0.46732440924133456
0.46829273695562845
0.46926564306856866
0.4702431710806241
0.47122536511518665
0.47221226993052245
0.47221226993052245
0.47320393093200963
0.47420039418467386
0.4752017064260281
0.476207915079227
0.47721906826654314
0.47823521482317777
0.4792564043114129
0.480282687035117
0.4813141140546138
0.4823507372019262
0.4833926090964056
0.4844397831607591
0.4854923136374869
0.4865502556057415
0.4876136649986236
0.4886825986209259
0.4886825986209259
0.4897571141673418
0.49083727024115087
0.4919231263733974
0.4930147430425782
0.4941121816948555
0.49521550476481035
0.4963247756967578
0.4974400589666378
0.49856142010450255
0.49968892571762213
0.5008226435142236
0.5019626423278903
0.5031089921426395
0.5042617641187022
0.5054210306190303
0.5065868652365544
0.5065868652365544
0.5077593428222167
0.5089385395138094
0.5101245327656431
0.5113174013790741
0.5125172255339241
0.5137240868208195
0.514938068274485
0.5161592544080256
0.5173877312482313
0.518623586371944
0.5198669089435188
0.5211177897534296
0.5223763212580503
0.5236425976206637
0.5249167147537375
0.5261987703625184
0.5261987703625184
0.5274888639899944
0.5287870970632715
0.5300935729414269
0.5314083969648884
0.532731676506403
0.534063521023654
0.5354040421135928
0.5367533535685522
0.5381115714342106
0.5394788140694831
0.5408552022084147
0.5422408590241593
0.5436359101951251
0.5450404839733791
0.5464547112554021
0.5478787256552917
0.5478787256552917
0.5493126635805168
0.5507566643103285
0.5522108700769441
0.5536754261496181
0.555150480921728
0.5566361860010036
0.5581326963030377
0.559640170148221
0.5611587693622564
0.562688659380407
0.5642300093556519
0.5657829922709203
0.5673477850555952
0.568924568706481
0.57051352841344
0.57211485368992
0.57211485368992
0.5737287385085987
0.5753553814423914
0.5769949858110757
0.5786477598338045
0.5803139167877955
0.5819936751734966
0.5836872588865487
0.5853948973968844
0.5871168259353207
0.5888532856880244
0.5906045239992543
0.5923707945828036
0.5941523577425962
0.5959494806029182
0.5977624373487893
0.5995915094770196
0.5995915094770196
0.6014369860585252
0.6032991640125129
0.605178348393185
0.6070748526896577
0.6089889991398303
0.6109211190589885
0.6128715531839841
0.6148406520338825
0.6168287762880338
0.6188362971825869
0.6208635969265378
0.622911069138477
0.6249791193052863
0.6270681652641192
0.6291786377091015
0.6313109807242858
0.6313109807242858
0.6334656523445108
0.6356431251459382
0.6378438868681704
0.6400684410699977
0.6423173078209821
0.6445910244312504
0.6468901462220622
0.6492152473399144
0.6515669216171694
0.6539457834824342
0.6563524689241795
0.6587876365113855
0.661251968475304
0.6637461718567896
0.6662709797240237
0.6688271524658785
0.6688271524658785
0.6714154791666316
0.6740367790682484
0.676691903127014
0.6793817356719123
0.682107196172843
0.6848692411275193
0.6876688660767392
0.6905071077586518
0.6933850464136887
0.6963038082529781
0.6992645681043637
0.702268552251581
0.7053170414837671
0.7084113743742804
0.711552950809841
0.7147432357932799
0.7147432357932799
0.7179837635457514
0.7212761419371645
0.7246220572768567
0.7280232795002444
0.7314816677913845
0.7349991766861635
0.7385778627062782
0.7422198915803795
0.745927546115873
0.7497032347930177
0.7535495011623485
0.7574690341372425
0.761464679285947
0.7655394512418371
0.7696965473674792
0.7739393628276459
0.7739393628276459
0.7782715072492983
0.7826968231733578
0.7872194065346104
0.7918436294432744
0.7965741655857941
0.8014160186147455
0.8063745539601496
0.8114555345692385
0.8166651611716085
0.8220101177752723
0.8274976232308794
0.8331354898620118
0.8389321903563381
0.8448969343549411
0.8510397564776403
0.85737161789664
0.85737161789664
0.8639045240405244
0.8706516616036044
0.8776275587895236
0.8848482736837396
0.8923316168963777
0.9000974162406025
0.9081678333451971
0.9165677449310059
0.9253252052767178
0.9344720115466344
0.9440444007181056
0.9540839166725985
0.9646384998786324
0.9757638719653718
0.9875253164583011
1.0
